update: 
New_rotation_matrix =

    0.9964    0.0793    0.0305
   -0.0818    0.9924    0.0916
   -0.0230   -0.0938    0.9953
   
   axis_angle_pair =

   -0.1376    0.9775    0.1598    0.0318
Rotation_Matrix =
    0.9995   -0.0051    0.0311
    0.0050    1.0000    0.0045
   -0.0311   -0.0043    0.9995
$$$$$$$$$$$$$$$$$   
spin2mat:
   rotmatrix =

    0.9995    0.0050   -0.0311
   -0.0051    1.0000   -0.0043
    0.0311    0.0045    0.9995
    r = -0.1376    0.9775    0.1598    0.0318
    
    rotmatrix =

    0.9995   -0.0051    0.0311
    0.0050    1.0000    0.0045
   -0.0311   -0.0043    0.9995